---10 word data---

# REL_TIME,LATITUDE,LONGITUDE,ELEVATION,strt_pulse_sigstr,ref_sigstr,azi,pitch,roll,time-hhmmss
  0.000000 67.1228740 -49.8739650  761.866     840   143   168      0.373      -1.494 115606.3420
  0.001000 67.1228530 -49.8739470  761.577     855   146   171      0.373      -1.494 115606.3440
  0.002000 67.1228320 -49.8739350  761.852     840   234   173      0.373      -1.494 115606.3440
  0.003000 67.1228110 -49.8739240  761.641     831   206   175      0.373      -1.494 115606.3450

---12 word data---

# REL_TIME,LATITUDE,LONGITUDE,ELEVATION,strt_pulse_sigstr,ref_sigstr,azi,pitch,roll,gps_dil_prec,pulse_width,time-hhmmss
  0.000000 58.2553310 -64.1992090  682.113    2302   150    88     -1.092      12.779      4.2        3.0 123450.0000
  0.000000 58.2553800 -64.1992720  682.123    2639   200    89     -1.092      12.779      4.2        4.0 123450.0000
  0.000000 58.2554310 -64.1993390  681.374    2496   105    91     -1.092      12.779      4.2        2.0 123450.0000
  0.000000 58.2554830 -64.1994090  679.776    1973   312    92     -1.092      12.779      4.2        3.0 123450.0000
  0.001000 58.2555340 -64.1994690  679.707    2795   317    93     -1.091      12.779      4.2        3.0 123450.0010
  0.001000 58.2555860 -64.1995270  679.635    2649   659    95     -1.091      12.779      4.2        6.0 123450.0010
  0.001000 58.2556390 -64.1995810  679.857    2809   390    96     -1.091      12.779      4.2        6.0 123450.0010
  0.001000 58.2556920 -64.1996350  679.768    2697   219    98     -1.091      12.779      4.2        4.0 123450.0010
  0.001000 58.2557450 -64.1996860  680.006    2475   323    99     -1.091      12.779      4.2        6.0 123450.0010

---14 word data---

# REL_TIME,LATITUDE,LONGITUDE,ELEVATION,strt_pulse_sigstr,ref_sigstr,azi,pitch,roll,passive_sig,pass_foot_lat,pass_foot_long,pass_foot_synth_elev,time-hhmmss
  0.904000 -77.2987380 160.9083920 1107.623     642   136   358      2.922      -0.413     634 -77.2987380 160.9083920 1107.623 022148.4520
  0.904000 -77.2986840 160.9084250 1108.029     682   131   359      2.922      -0.415     857 -77.2987380 160.9083910 1107.636 022148.4520
  0.904000 -77.2986300 160.9084720 1108.706     684   143     1      2.922      -0.417     629 -77.2986840 160.9084240 1108.044 022148.4520
  0.904000 -77.2985250 160.9085930 1110.025     664   135     4      2.922      -0.422     632 -77.2984970 160.8821460 -427.608 022148.4530

