123337.003713956  67.0174822395994  -50.6867677476794  83.3054497044969  0.195409770370118  1.65029235806999  -0.0283412382299636  0.0049633425225692  -0.0129809499054676  -1.8317422765067  0.0253853482336378  -0.314584944886753  -1.7711704189518  0.753566027728232  8.08113085700948e-06  0.00607628581163932  -0.09224507932189
123337.008715098  67.0174822422289  -50.6867679735807  83.3052853352362  0.202775454449392  1.65118912024103  -0.03100017539109  0.0049464769191271  -0.0129673436018937  -1.8322035294185  0.0253853564586502  -0.11909138456912  1.3792792797038  0.668144723470944  -0.0045693727700604  0.00226173472228375  -0.0922450785771259
123337.013715252  67.0174822493938  -50.6867681631315  83.3051402170954  0.201298378884368  1.64924920927717  -0.0258239037006211  0.00497142019669517  -0.0129537964195232  -1.83265330443726  0.0253853643108057  -0.241379155002413  -0.219476247331105  -1.28486444811419  0.0038228550835595  0.00226176797218796  -0.0899563444185183
123337.018715406  67.0174822563797  -50.686768352624  83.305022845019  0.193679283900231  1.65001106577599  -0.0216609515481964  0.00498110015043965  -0.0129478687118713  -1.83310311707868  0.0253853721636545  0.564226827599284  -1.51326320171527  -0.735560640094197  0.000771157519701336  0.000735941774916491  -0.0899563440694556
123337.02371556  67.0174822632984  -50.6867685422627  83.3049133052534  0.197780993201772  1.65085644503398  -0.0234798379871866  0.00494128231960282  -0.0129304645144655  -1.83356050287853  0.0253853801808103  -0.131614280870263  0.610215996320331  0.619285508487716  -0.00914667004474009  0.00302467862298302  -0.0914821659589695
123337.028715714  67.0174822702754  -50.6867687319739  83.3047841450204  0.198291412214901  1.65193065361609  -0.0264939861802015  0.0049549085326852  -0.0129016072414708  -1.83402164727057  0.0253853882752965  0.124363008241856  0.341772545303755  0.25311692063008  0.00153409195414188  0.0053134099408335  -0.0922450785571057
123337.033716856  67.017482277093  -50.6867689213082  83.3046544999763  0.189483417961307  1.64610119372434  -0.0252109142665739  0.00498740845515719  -0.0129147755610775  -1.83446773963158  0.0253853960468  -0.412658219998107  -1.91597166333708  -0.271639478165408  0.00534865647576406  -0.00307860335149788  -0.0891934335729654
123337.03871701  67.0174822837984  -50.6867691106658  83.3045330501772  0.192804920571085  1.6495886943615  -0.0239528438432519  0.00498180554580294  -0.0128783255574702  -1.83491739971331  0.0253854038954193  0.282839336294287  0.647248453816654  -0.149736721179306  -0.00228043562426784  0.00683924355115184  -0.089956343807645
123337.043717164  67.0174822906759  -50.6867693001685  83.3044213322965  0.197813268255259  1.65011498125334  -0.0205648751239614  0.00499149910809972  -0.0128685605075494  -1.83537100781556  0.0253854118276456  -0.0834684429290413  1.02577268786285  -0.723355293697429  0.000771214575063212  0.0014988696307117  -0.0907192550067072
123337.048717318  67.0174822974777  -50.686769489471  83.3043172412025  0.189164596318404  1.64623519896347  -0.0210199803047026  0.0050088717018214  -0.0128740287364602  -1.83582850703296  0.0253854198379158  -0.254308926978813  -1.8670093073896  0.0823247897909403  0.0022970480381912  -0.00155276950852632  -0.0914821656170506
