# REL_TIME,LATITUDE,LONGITUDE,ELEVATION,strt_pulse_sigstr,ref_sigstr,azi,pitch,roll,GPS_dil_prec,pulse_width,TIME-HHMMSS
  0.000000 75.8164350 -140.6128070   -6.218    1417   882   330      1.094      -0.486     70.0        7.0 141810.000000
  0.000000 75.8164000 -140.6127890   -6.267    1988  1023   332      1.094      -0.486     70.0        6.0 141810.000000
  0.000000 75.8163650 -140.6127750   -6.357    1644   927   333      1.094      -0.486     70.0        7.0 141810.000000
  0.000000 75.8163290 -140.6127660   -6.460    1352   995   335      1.094      -0.486     70.0        8.0 141810.000000
  0.001000 75.8162940 -140.6127610   -6.536    2031  1279   336      1.094      -0.486     70.0        9.0 141810.001000
  0.001000 75.8162590 -140.6127620   -6.598    1402   770   337      1.094      -0.486     70.0        7.0 141810.001000
  0.001000 75.8162240 -140.6127700   -6.495    1838  1177   339      1.094      -0.486     70.0        7.0 141810.001000
  0.001000 75.8161900 -140.6127820   -6.451    1182   916   340      1.094      -0.486     70.0        6.0 141810.001000
  0.001000 75.8161550 -140.6127980   -6.500    1781   882   342      1.094      -0.486     70.0        6.0 141810.001000
