example_output_readIGGRV1B.txt

filename = 'ftp://n4ftl01u.ecs.nasa.gov/../SAN2/ICEBRIDGE_FTP/IGGRV1B_AirGRAVxyAnom_v01/2009_AN_NASA/AIRGrav_NASA_OIB_Antarctica_2009_v2_PIG_Lines.xyz';
data = readIGGRV1B(filename,'20091107');


first few return values:
data(1:10,:)

ans =

  Columns 1 through 3

               -73.7106447                -94.549981                  20091107
               -73.7108233                -94.552074                  20091107
               -73.7110016               -94.5541661                  20091107
               -73.7111796               -94.5562577                  20091107
               -73.7113575               -94.5583481                  20091107
                -73.711535               -94.5604378                  20091107
               -73.7117124               -94.5625266                  20091107
               -73.7118894                -94.564615                  20091107
               -73.7120661               -94.5667023                  20091107
               -73.7122426                -94.568789                  20091107

  Columns 4 through 6

                       311                   1016.04                   61547.5
                       311                   1016.04                     61548
                       311                   1016.04                   61548.5
                       311                   1016.04                     61549
                       311                   1016.04                   61549.5
                       311                   1016.04                     61550
                       311                   1016.04                   61550.5
                       311                   1016.04                     61551
                       311                   1016.04                   61551.5
                       311                   1016.04                     61552

  Columns 7 through 9

                   61547.5               -1775800.73                -141317.34
                     61548               -1775775.84                -141380.64
                   61548.5               -1775750.98                -141443.91
                     61549               -1775726.16                -141507.17
                   61549.5               -1775701.35                -141570.39
                     61550               -1775676.58                -141633.59
                   61550.5               -1775651.83                -141696.76
                     61551               -1775627.11                -141759.92
                   61551.5               -1775602.43                -141823.05
                     61552               -1775577.78                -141886.16

  Columns 10 through 12

                 185442.05                1855598.38                   2023.73
                 185467.48                 1855533.7                   2023.62
                 185492.88                1855469.05                    2023.5
                 185518.24                1855404.41                   2023.36
                 185543.59                1855339.81                   2023.21
                  185568.9                1855275.23                   2023.04
                  185594.2                1855210.68                   2022.86
                 185619.45                1855146.14                   2022.67
                 185644.67                1855081.63                   2022.48
                 185669.87                1855017.15                    2022.3

  Columns 13 through 15

                 -15534.62                  -2415.65                 976096.22
                 -15517.26                  -2367.33                  976759.3
                 -15495.67                  -2490.77                 977000.34
                 -15455.77                  -2794.55                 976921.97
                 -15417.24                  -3299.91                 976933.86
                 -15422.14                  -4009.89                 977565.97
                 -15514.25                  -4881.17                 979224.41
                  -15718.3                  -5814.56                 981984.57
                 -16027.15                  -6672.16                 985503.86
                 -16401.74                   -7316.4                 989092.86

  Columns 16 through 18

                    -552.3                    624.52                         0
                   -489.02                    624.49                         0
                   -429.43                    624.45                         0
                   -392.81                    624.41                         0
                   -394.59                    624.36                         0
                   -438.79                    624.31                         0
                   -514.14                    624.25                         0
                   -596.51                     624.2                         0
                   -657.49                    624.14                         0
                   -675.55                    624.08                         0

  Columns 19 through 21

                      79.8                      80.4                     80.72
                     79.63                     80.25                     80.61
                     79.46                      80.1                      80.5
                     79.29                     79.94                     80.38
                     79.12                     79.79                     80.27
                     78.95                     79.64                     80.15
                     78.78                     79.48                     80.03
                     78.62                     79.33                     79.92
                     78.45                     79.17                      79.8
                     78.28                     79.02                     79.68

  Column 22

                     76.21
                     76.22
                     76.22
                     76.22
                     76.21
                     76.21
                      76.2
                     76.19
                     76.18
                     76.16

