example_output_readILATM2.txt

filename = 'ftp://n4ftl01u.ecs.nasa.gov/../SAN2/ICEBRIDGE_FTP/ILATM2_ATMicessn_v01/2009_AN_NASA/091016_173436_smooth_nadir5seg_50pt';
data = readILATM2(filename);


first few return values:
data(1:10,:)

ans =

  Columns 1 through 3

                63293.8552                 -74.70051                228.414056
                63293.8552                -74.701217                228.414166
                63293.8552                -74.701924                228.414276
                63293.8552                -74.702631                228.414386
                63293.8552                -74.703338                228.414496
                63293.8552                 -74.70195                 228.41428
                63294.1052                -74.700524                228.413123
                63294.1052                -74.701232                228.413234
                63294.1052                -74.701939                228.413344
                63294.1052                -74.702646                228.413455

  Columns 4 through 6

                   31.6722                  0.003168                 0.0005751
                   31.7501                  0.000655                -0.0015607
                   31.5417                 0.0058784                -0.0012696
                   31.4323                 0.0025842                -0.0013746
                   31.1391                 0.0049638                -0.0010716
                   31.5356                  0.005238                -0.0011075
                   31.6792                 0.0022803                -0.0007715
                   31.7671                 -6.31e-05                 0.0005159
                   31.5575                 0.0050269                -0.0013095
                   31.4482                 0.0019385                -0.0004968

  Columns 7 through 9

                      7.19                       766                         2
                      8.72                       368                         2
                      9.03                       302                         0
                      8.23                       331                         1
                      7.84                       660                         4
                      9.89                       308                         0
                      7.41                       769                         3
                      8.51                       370                         1
                      8.48                       298                         1
                       7.5                       329                         1

  Columns 10 through 11

                       160                         1
                        82                         2
                         3                         3
                       -76                         4
                      -155                         5
                         0                         0
                       160                         1
                        81                         2
                         2                         3
                       -76                         4
