example_output_readIPAPP1B.txt

filename = 'ftp://n4ftl01u.ecs.nasa.gov/../SAN2/ICEBRIDGE_FTP/IPAPP1B_GPSInsCorrected_v01/2009_AN_NASA/sbet_20091002.out'
UTCtime_range = [500261 500271];
data = readIPAPP1B(filename, UTCtime_range);

first few return values:
data(1:10,:)

ans =

  Columns 1 through 3

          500261.004301688         0.604423511216187         -2.06078615352276
          500261.009301842          0.60442351340479         -2.06078615062489
          500261.014301997         0.604423515466548          -2.0607861475257
          500261.019302151         0.604423517528277         -2.06078614442653
          500261.024302306         0.604423519590571         -2.06078614132623
          500261.029303448         0.604423521652542         -2.06078613822507
          500261.034303603          0.60442352371351         -2.06078613512379
          500261.039303757         0.604423525774862         -2.06078613202228
          500261.044303912          0.60442352783595         -2.06078612891949
          500261.049304066         0.604423529897923         -2.06078612581608

  Columns 4 through 6

          731.909680104032          2.54569448363935         -3.31669242128437
          731.909704030301          2.54673957044183          -3.3127459922888
          731.909726130217           2.5453903845599         -3.31488079246214
          731.909754752888          2.54574024816771         -3.31428993832201
           731.90978479375          2.54603099832206         -3.31570462123808
          731.909814452901           2.5456352818596         -3.31690005685197
          731.909847007123          2.54471136760795          -3.3170473950381
          731.909880009524          2.54570061410224          -3.3174683309053
          731.909915076625          2.54564817599951         -3.31890065481839
          731.909956710268          2.54710448511535         -3.31957943388152

  Columns 7 through 9

       0.00447267393703168      -0.00355500703320398       -0.0180694816604469
       0.00381656017057357      -0.00357025284432504       -0.0180799994667239
       0.00519232226554332        -0.003593060777521       -0.0180828979983346
       0.00634421703139842      -0.00361205358151608       -0.0180819771890152
       0.00602135205921735      -0.00363104386365207       -0.0180657929283095
       0.00604999165394508      -0.00365009845020235       -0.0180419611460008
       0.00688055300710944      -0.00366907992818204       -0.0180219544655585
       0.00631972201858111      -0.00368431136438078        -0.018001930321505
        0.0076119055842095      -0.00370716907861937       -0.0179857174930391
       0.00895036698492682      -0.00373002415979357       -0.0179733149065299

  Columns 10 through 12

         0.812200957801823        0.0227430019221913         0.203218937209385
          0.81239960953205        0.0227430107030588        -0.199118364876929
         0.812594414424103        0.0227430192428174        -0.101486644393611
         0.812789205642547        0.0227430277805535        -0.150299381612533
         0.812983941531917        0.0227430363222407        -0.199282457253693
         0.813182464565004        0.0227430451088493        -0.101857834042765
         0.813377185749233        0.0227430536511194       0.00780011165597405
         0.813575721796417        0.0227430624310606         0.202935129913179
         0.813774271524576        0.0227430712155924         0.312590075336598
         0.813972835010292        0.0227430799986574         0.410120612063302

  Columns 13 through 15

         0.491776516379087        -0.106402485797455      -0.00690829713716496
      -0.00877793491948322          0.16214392002215       -0.0023308521831799
          0.24738007182068         -0.31390810315606      -0.00385672209420602
       -0.0213270798576959        -0.252874838907206      -0.00309378571930467
         0.149466068698959      -0.00874969080858395      -0.00309377741006116
          0.23477140456475       -0.0453739785628555      -0.00309377028525982
         0.136908383059028        -0.155225014971936       -0.0030937631202482
        0.0391086833608924         0.101114678686476      -0.00233084954216579
       -0.0221701001841134        -0.252868530450498      -0.00385665419078002
        -0.120068949101393        -0.265070570650671      -0.00385664627576998

  Columns 16 through 17

     -0.000720391037793817        0.0389505744362173
       -0.0022461971525386        0.0397134829089277
     -0.000720435823014298        0.0389505792558827
      4.24972083542462e-05        0.0389505796139275
       0.00309412944745199        0.0389505801066187
       0.00461994917839495        0.0397134858555746
       0.00385705074929024        0.0389505792090688
       0.00385705827257552        0.0397134853269931
       0.00309416035606627         0.039713484938309
       0.00233126185374947        0.0397134853583609