example_output_readIGGRV1Battitude.txt

 filename = 'ftp://n4ftl01u.ecs.nasa.gov/../SAN2/ICEBRIDGE_FTP/IGGRV1B_AirGRAVxyAnom_v01/2009_AN_NASA/AIRGrav_Attitude_Flight_001_v2.xyz'
data = readIGGRV1Battitude(filename);

first few return values:
data(1:5,:)

ans =

  Columns 1 through 3

                  20091016                       289                     40786
                  20091016                       289                   40786.1
                  20091016                       289                   40786.2
                  20091016                       289                   40786.3
                  20091016                       289                   40786.4

  Columns 4 through 6

                     40786                   -0.5928                   -0.8472
                   40786.1                   -0.5928                   -0.8473
                   40786.2                   -0.5928                   -0.8474
                   40786.3                   -0.5926                   -0.8478
                   40786.4                   -0.5922                   -0.8485

  Columns 7 through 9

                   36.3343               -53.0045913               -70.8468003
                   36.3349               -53.0045913               -70.8468003
                   36.3359               -53.0045913               -70.8468003
                   36.3369               -53.0045913               -70.8468003
                   36.3379               -53.0045914               -70.8468003

  Columns 10 through 12

               -3929471.48                1364788.87                     50.15
               -3929471.48                1364788.87                     50.15
               -3929471.48                1364788.87                     50.15
               -3929471.48                1364788.87                     50.15
               -3929471.47                1364788.87                     50.15

  Columns 13 through 14

               -2015233.02                3394575.67
               -2015233.02                3394575.67
               -2015233.02                3394575.67
               -2015233.02                3394575.67
               -2015233.01                3394575.67